0,269.443844492321,155.563476149129,0,0.000179629229661548,9.03501810404587e-21,0
0.0494701747562886,289.883342284143,-24.8207459344894,0,-9.5010263026045,-201.01485807322,0
0.0697368438128411,290.78598595152,-5.37951971787447,0,3.17492778504921,-203.293294788068,0
0.0894579007319555,291.089889196623,-4.17305145523559,0,2.06893702416177,-203.202855561256,0
0.12284901033262,290.87635680793,-1.95396014799486,0,5.39908115330388,-203.019625583173,-4.736951571734e-15
0.1400093063701,290.798262583374,-1.29146065728641,0,6.60811972812595,-202.766849463029,4.736951571734e-15
0.160702562066942,291.193701458965,-0.58142205173786,0,5.18608935073801,-201.585717809302,9.473903143468e-15
0.18937896311958,290.707440179168,-0.801534383018766,0,10.1491688092957,-199.195000232145,0
0.211615774153888,290.709084707685,-0.0551265124346022,0,9.26975134602746,-201.117008352936,0
0.242805658077287,290.852138554628,-0.508435983977724,0,10.6756398157362,-197.314818292253,-9.473903143468e-15
0.272273882982865,291.086226653974,0.177931432879385,0,8.64074336741897,-198.516132217519,-7.105427357601e-15
0.314985781627514,291.018062407276,-0.147966594699369,0,10.6372430602168,-196.072058984985,0
0.356792381834688,290.816479454065,-0.192381971953599,0,12.554855610706,-195.309216413353,4.736951571734e-15
0.390497013158343,290.801511212739,0.0981322239684346,0,12.7712321542342,-195.414611306315,-9.473903143468e-15
0.423563657554681,290.588850196821,-0.0250258850480615,0,14.8152234707971,-194.507196449402,4.736951571734e-15
0.452111398847067,290.648588975759,0.0682341433768272,0,15.0761228273713,-193.63018586116,9.473903143468e-15
0.480703671294176,290.59190965584,-0.0595143574583308,0,16.3407156477761,-192.280384836543,0
0.505933824176386,290.514574784697,-0.0507113102685158,0,17.4318301766177,-191.501380061596,-4.736951571734e-15
0.525843492518051,290.497140929968,-0.0427617449467448,0,18.1119939912638,-190.711980388774,0
0.543386362481086,290.475607992997,-0.00319589104927805,0,18.7255079016725,-190.084797760503,0
0.563533252874807,290.429052841506,0.0100600465607599,0,19.6295297023948,-189.267015341713,-4.736951571734e-15
0.584119991369305,290.383355011322,0.00776998432667142,0,20.612823756516,-188.312343202123,0
0.604661988254296,290.343466637901,-0.00316790863685886,0,21.6254287080629,-187.248726843605,4.736951571734e-15
0.625113210987528,290.310339534713,-0.0142718421354952,0,22.6522936404454,-186.095215632849,0
0.646040951777242,290.279007755497,-0.017663606556359,0,23.7425805556184,-184.83684161658,2.368475785867e-15
0.666967755263367,290.247295782086,-0.0156073262254684,0,24.9020608619251,-183.484360478805,0
0.687725830353895,290.216117378302,-0.0135370901856978,0,26.1333150922847,-182.019671495798,4.736951571734e-15
0.709546474595056,290.187517453258,-0.0154124712410889,0,27.5073563165478,-180.315355370355,0
0.731776601930504,290.165100700676,-0.0189171145487895,0,28.9888200412366,-178.38677177281,0
0.755281498319135,290.150366161731,-0.0222850089046413,0,30.6539966768883,-176.107186780068,-2.368475785867e-15
0.779784885731498,290.148088896278,-0.0257731490831551,0,32.5075247548127,-173.418015456914,-2.368475785867e-15
0.806383465827131,290.167223759962,-0.0303285604045319,0,34.6595668067907,-170.061254260159,4.736951571734e-15
0.834243406835509,290.22220341997,-0.0362930493356473,0,37.0666703775046,-165.945326003226,0
0.865429723349407,290.346858382674,-0.0445674802901597,0,39.9238075777904,-160.42141784364,0
0.899792741177521,290.603682478857,-0.055664575871153,0,43.1859572641243,-152.885540476538,0
0.939084696774218,291.148039998067,-0.0698787993527693,0,46.7732331811198,-141.793505874802,0
0.985994632215193,292.402749541745,-0.0816672567242165,0,49.8101369275585,-123.929361257076,-9.473903143468e-15
1.04364505975236,295.498084155566,-0.0514241045030512,0,47.903988167547,-93.8413691675834,0
1.11485784706577,302.094920394325,0.102622183275514,0,29.6311274308267,-51.459817134803,0
1.19551846579933,308.594661960482,0.129944865595481,0,3.65419128116754,-22.4617144348379,-5.9211894646675e-16
1.26992864612289,310.448132251967,0.0489433953514625,0,-4.41409859511709,-15.2773443109796,0
1.31683942619308,310.681308097241,0.0229853179406234,0,-5.4061254798822,-14.3327044485019,0
1.34624992190583,310.727813684839,0.0136130275624566,0,-5.60177349742052,-14.1401519447681,5.9211894646675e-16
1.36813242346109,310.743940799978,0.00898759852065349,0,-5.66958909712412,-14.0731961237236,0
1.38613346151978,310.751312691652,0.00630262113035466,0,-5.70063746567258,-14.042619054829,0
1.40120041905112,310.755109856125,0.00464705903661648,0,-5.71665106168778,-14.0268789902491,0
1.41430214699233,310.757295322892,0.00354850979766752,0,-5.72587647241429,-14.0178207827263,-2.96059473233375e-16
1.42580276635767,310.758633233755,0.00279173625132974,0,-5.73152766289215,-14.0122734738769,-5.9211894646675e-16
1.43602075997138,310.759497972131,0.00225117853773327,0,-5.73518217915401,-14.008686488379,0
1.44555006694828,310.76010194286,0.00183892806548632,0,-5.73773590260729,-14.0061800101999,5.9211894646675e-16
1.45507342857335,310.760558727155,0.00150026618810746,0,-5.739668040564,-14.0042830791774,-5.9211894646675e-16
1.46468212469177,310.760907075711,0.001220212574727,0,-5.74114231952099,-14.0028357633,4.44089209850063e-16
1.47431280863945,310.761170528403,0.000990814966636814,0,-5.74225799678995,-14.0017406799638,-2.96059473233375e-16
1.48398785041985,310.761370031888,0.000802882834761931,0,-5.74310335373801,-14.0009109001732,0
1.49370040872017,310.761520817012,0.000649469930967446,0,-5.74374293037917,-14.0002837798761,0
1.50337618000151,310.761633908218,0.000525229247197482,0,-5.74422278611664,-13.9998128367247,-5.9211894646675e-16
1.5130753560258,310.76171928055,0.000424196111794117,0,-5.74458543904601,-13.999457331814,0
1.52276144472357,310.761783473393,0.000342452460008265,0,-5.74485847398847,-13.9991900655208,-5.9211894646675e-16
1.53249889364768,310.761832043595,0.00027590955727419,0,-5.74506517110695,-13.9989875893145,0
1.54222282341768,310.761868524802,0.00022222063752982,0,-5.74522062681199,-13.9988355041223,-5.9211894646675e-16
1.5519473869123,310.761895970521,0.000178876407195124,0,-5.74533775460651,-13.9987211019769,0
1.56165747998873,310.761916594312,0.000143933927783261,0,-5.74542582981266,-13.9986350142155,0
1.57138912512504,310.761932148738,0.000115745428416858,0,-5.74549247970637,-13.9985702930642,0
1.58114377926872,310.76194386919,9.29229239072053e-05,0,-5.74554258121339,-13.9985211681989,0
1.59085083176018,310.761952644477,7.46600499989351e-05,0,-5.74558019677084,-13.9984844548338,-2.96059473233375e-16
1.60059770081772,310.761959271902,5.99313607286452e-05,0,-5.74560872369731,-13.9984568384803,5.9211894646675e-16
1.61034122210662,310.761964250445,4.80646129688012e-05,0,-5.74563009490891,-13.9984359181067,0
1.62004192721664,310.761967981765,3.85770315081875e-05,0,-5.74564616357339,-13.9984202695693,0
1.62980716272073,310.761970808638,3.09274388238615e-05,0,-5.74565842471667,-13.9984085193094,0
1.63951111466662,310.76197291851,2.47911965421584e-05,0,-5.74566749789586,-13.998399573977,-1.48029736616688e-16
1.64924497509079,310.761974513845,1.99058454389463e-05,0,-5.74567453126012,-13.9983930810851,2.96059473233375e-16
1.65898766844633,310.761975712311,1.59193106602136e-05,0,-5.74567964517061,-13.9983878866964,0
1.66870987408991,310.761976610118,1.27449597755458e-05,0,-5.74568352604848,-13.9983840615445,0
1.67846321543127,310.761977290221,1.02396973791959e-05,0,-5.74568660998972,-13.9983813986088,0
1.68819958475661,310.761977801225,8.16557653138261e-06,0,-5.74568873579002,-13.9983790560197,-5.9211894646675e-16
1.69792836118772,310.761978183115,6.53368437042445e-06,0,-5.74569040373917,-13.998377429951,-2.96059473233375e-16
1.70765548449358,310.761978473147,5.24923657015582e-06,0,-5.74569173861825,-13.998376307257,-2.96059473233375e-16
1.71738412545471,310.76197868881,4.1854348940736e-06,0,-5.74569263702768,-13.9983753031943,0
1.7271250218879,310.76197884974,3.34592900230746e-06,0,-5.74569334342935,-13.998374610084,0
1.73686082316616,310.76197897417,2.74793126209261e-06,0,-5.74569410432961,-13.9983744429386,5.9211894646675e-16
1.74660217040912,310.761979067357,2.15523416121262e-06,0,-5.74569435728012,-13.998373768051,0
1.7563213139957,310.761979135436,1.71191888398425e-06,0,-5.74569461959736,-13.9983734027954,-1.48029736616688e-16
1.76606673756834,310.761979189785,1.40253128696107e-06,0,-5.74569496270385,-13.9983733434247,-2.96059473233375e-16
1.77579791138272,310.761979227506,1.10126899244278e-06,0,-5.74569505469749,-13.9983730470567,0
1.78551127049164,310.761979254872,8.74827776442544e-07,0,-5.74569515587946,-13.9983728892096,-5.9211894646675e-16
1.79528686718932,310.761979278861,7.32560844577771e-07,0,-5.74569536184126,-13.9983729550842,0
1.80502862101664,310.761979296455,5.58644562905404e-07,0,-5.74569534754544,-13.998372716983,0
1.81476874489032,310.761979307971,4.4635370954893e-07,0,-5.7456953979202,-13.9983726607944,-2.96059473233375e-16
1.82451110459764,310.761979319697,3.73341644414419e-07,0,-5.74569550102882,-13.9983726968065,-5.9211894646675e-16
1.83424407076941,310.761979324778,2.86144720954932e-07,0,-5.74569547906361,-13.9983725946405,0
1.84399613389125,310.761979328519,2.9134237896263e-07,0,-5.74569567599223,-13.9983728862864,0
1.85373511618754,310.761979333921,1.89005845641077e-07,0,-5.74569553915332,-13.9983725846459,1.1842378929335e-15
1.86346129644606,310.76197933792,1.4397013596105e-07,0,-5.74569553274962,-13.9983725248931,2.96059473233375e-16
1.873186928455,310.76197933932,1.4644084937269e-07,0,-5.74569563069636,-13.9983726731893,0
1.88291155996575,310.761979343257,9.78567603245513e-08,0,-5.7456955749484,-13.9983725311815,2.96059473233375e-16
1.89267527294481,310.761979342214,7.5003067460481e-08,0,-5.74569555838048,-13.9983725128895,0
1.90242636778389,310.761979341373,7.39923109449592e-08,0,-5.74569559506889,-13.9983725841442,0
1.91217459233138,310.761979343985,5.11616538763822e-08,0,-5.74569557507761,-13.9983725192466,0
1.92189673333066,310.761979345901,9.22556324667312e-08,0,-5.74569572872064,-13.9983727634339,0
1.93164393051383,310.761979344819,4.53329865498138e-08,0,-5.74569561132515,-13.9983725692642,-2.96059473233375e-16
1.94135196589494,310.761979347634,2.6992646932437e-08,0,-5.74569559031301,-13.998372501372,0
1.95112172754092,310.761979345345,4.6710106005321e-08,0,-5.74569565028063,-13.9983726304266,0
1.96088087890738,310.76197934364,2.32765747417337e-08,0,-5.74569558430571,-13.998372535665,0
1.97061022966234,310.761979345838,1.35868845063669e-08,0,-5.74569557581664,-13.9983724960789,5.9211894646675e-16
1.98034431000703,310.761979346585,3.40729494989015e-08,0,-5.74569564673616,-13.9983726091242,0
1.9900579713318,310.761979345905,1.18811366670949e-08,0,-5.74569558476864,-13.9983725092578,0
1.9997787851244,310.761979348811,5.84230785231436e-08,0,-5.7456957374699,-13.9983727402521,5.9211894646675e-16
2.00580531950284,177.593889457076,101.156799374452,0,421.898167349112,-789.647023556715,523.42196723837
2.01126433113675,149.189332603995,-66.2580887096235,0,1051.8805769543,-19.9714389407441,-507.40722457513
2.01711490883278,295.141056343408,-29.6656621584659,0,183.215501215437,135.446384531803,74.7040953529551
2.02229311461395,168.449205584515,89.6013471052769,0,441.608318625382,-866.136708453401,513.325917300688
2.02803964539803,134.887105671308,-68.095969674129,0,1044.99493321002,-203.854934440523,-526.95838459587
2.03383622501679,291.759026929365,-43.6923759063726,0,204.960878155631,134.119909787029,92.9718500287702
2.04009991147857,250.626597524704,87.1446940375585,0,37.1372236686691,-626.97030597153,342.080695683621
2.04572542449142,109.115845651131,2.00683254905605,0,976.351612667542,-617.736014610309,-588.864776680197
2.05154944954994,234.794349922049,-93.6377716525871,0,621.617935740774,205.21564265163,312.182906962187
2.05693031515545,262.755181404591,78.4972478160895,0,-8.6866533787215,-566.847413983303,312.004980513776
2.06242794731145,109.462591207973,4.41629182816967,0,963.60276873499,-635.500250204299,-590.702477741852
2.06933708065233,156.320287641381,-83.5640443628947,0,983.33647793786,-65.6337843558715,491.651528035824
2.07548745967111,293.444779394401,-44.3428001024572,0,192.558379745251,132.384134875334,-92.3766429628562
2.08266678353541,296.33881197684,37.7660482221647,0,-56.2174179451247,-265.442870232744,-162.282736053101
2.08880943560507,161.649102473167,86.0963041216409,0,473.311406151746,-888.215091391994,529.140767561205
2.09841436689218,251.214017720833,86.4255517735955,0,29.2993621143055,-633.327373405181,-346.372867784904
2.10477261471486,298.644568747004,-14.2203331713877,0,9.57033195129238,-109.574745905848,2.368475785867e-15
2.11392174565556,311.970877221174,-16.894876576245,0,-36.405834397607,-40.7266736114339,2.368475785867e-15
2.14552377159812,310.823998793026,-0.193201479357413,0,-6.06532194916895,-13.8234715674955,-5.9211894646675e-16
2.17537226171178,309.863472602082,0.503684072420555,0,-0.844559954664867,-15.8368707953229,0
2.22710202465345,310.503261091427,0.103139676598299,0,-4.66476478402267,-15.0871243746048,0
2.26857507771933,310.700125337195,0.0400282109900113,0,-5.49783062022743,-14.2780716842078,0
2.29238067067088,310.731501187113,0.0257150858412463,0,-5.61840641189429,-14.1280017944795,0
2.31210322805378,310.744253689725,0.0174386843796886,0,-5.66981103371037,-14.0708476650756,0
2.32951880558695,310.750979131319,0.0121216480602963,0,-5.69825015199728,-14.0428735243859,0
2.34502954782914,310.754863478792,0.00867230500178569,0,-5.71504055903075,-14.0273009795545,-5.9211894646675e-16
2.35836558458854,310.757132913211,0.00646514976271343,0,-5.72489468493343,-14.0182596773912,0
2.37012081368924,310.758545356507,0.00498229047286713,0,-5.73100748836817,-14.0125878982866,5.9211894646675e-16
2.38053454975023,310.759456321737,0.00395216895442561,0,-5.73492907852389,-14.0088873048356,2.96059473233375e-16
2.39032912477127,310.760093787537,0.00317816772629461,0,-5.73765905149923,-14.006268494462,0
2.40011070834433,310.760569931868,0.0025562295311848,0,-5.73968888369422,-14.0042924972502,0
2.40995775273459,310.760927276925,0.00205270131714267,0,-5.74120758074117,-14.0027980563995,5.9211894646675e-16
2.41981647393699,310.761193457566,0.00164764599988606,0,-5.74233714595723,-14.0016791516465,0
2.42974413742297,310.761392751363,0.00131999440299069,0,-5.74318276339983,-14.0008389119783,-5.9211894646675e-16
2.43966378471145,310.761540872555,0.00105721999951432,0,-5.74381216843514,-14.0002141447386,-1.48029736616688e-16
2.44958519260522,310.761651293212,0.00084630959891759,0,-5.74428255851668,-13.999748981523,0
2.4595258183687,310.761733879823,0.00067678294478668,0,-5.74463536087258,-13.9994016269672,0
2.46948853688361,310.761795733548,0.000540702225464429,0,-5.74490060724197,-13.9991423270063,0
2.47946290456589,310.761842046028,0.000431566756096421,0,-5.7450995960825,-13.9989481507207,-5.9211894646675e-16
2.48938582508008,310.761876537674,0.000344705184019745,0,-5.7452482639977,-13.9988038000434,2.96059473233375e-16
2.49937316241116,310.761902534853,0.00027483900076201,0,-5.74536070337245,-13.9986952361037,-5.9211894646675e-16
2.5093848245038,310.761922014989,0.000218889973136053,0,-5.74544502225285,-13.9986136588262,5.9211894646675e-16
2.51932913661566,310.761936482933,0.000174545090582493,0,-5.74550779786926,-13.9985530631862,0
2.52933839968321,310.761947372666,0.000138963126014839,0,-5.74555521714396,-13.9985075327796,0
2.53932464080293,310.761955480628,0.000110625260451987,0,-5.74559047149574,-13.9984733679395,-1.48029736616688e-16
2.54932023718412,310.761961542121,8.80876584308983e-05,0,-5.74561707040788,-13.9984481108824,-2.96059473233375e-16
2.55931880682106,310.761966062186,7.00551437991711e-05,0,-5.74563673938138,-13.9984288801197,5.9211894646675e-16
2.56925889243779,310.761969416141,5.57909873464268e-05,0,-5.74565141866139,-13.998414669603,0
2.57923165313802,310.761971933873,4.44398029912918e-05,0,-5.74566262148046,-13.9984042528632,0
2.58916117388493,310.76197380241,3.5355998676323e-05,0,-5.74567073844061,-13.9983961226617,0
2.59916778270617,310.761975211727,2.81011057457666e-05,0,-5.74567697302317,-13.9983901453068,0
2.60916509007276,310.76197626009,2.23572374835612e-05,0,-5.74568168905118,-13.9983857978465,0
2.61914002988292,310.761977038939,1.77623353465606e-05,0,-5.74568510389548,-13.9983823866383,0
2.62917281948331,310.761977627834,1.40999795614031e-05,0,-5.74568773184749,-13.998379867779,0
2.63910383586443,310.76197806022,1.12266978386325e-05,0,-5.74568969730168,-13.9983780608608,-2.96059473233375e-16
2.64908438321354,310.761978387297,8.9180543720128e-06,0,-5.74569115859062,-13.9983766384616,0
2.6590807098886,310.761978630451,7.12314404912225e-06,0,-5.7456923761437,-13.9983757959168,-5.9211894646675e-16
2.66910075626138,310.761978809829,5.62578748978619e-06,0,-5.74569308686988,-13.9983748404094,0
2.67910865963087,310.76197894784,4.46378720653229e-06,0,-5.74569370644045,-13.998374227968,5.9211894646675e-16
2.68907069440069,310.761979047926,3.56303639155916e-06,0,-5.74569421404449,-13.9983738760257,0
2.69908336532424,310.761979125013,2.81788597552198e-06,0,-5.74569453229986,-13.9983734774009,-5.9211894646675e-16
2.70906788071822,310.761979181508,2.31361590863344e-06,0,-5.74569501088447,-13.9983736049572,5.9211894646675e-16
2.71903369305702,310.761979220256,1.78565976701369e-06,0,-5.74569499493342,-13.9983730920991,-5.9211894646675e-16
2.72906335675359,310.761979253996,1.40925008433139e-06,0,-5.74569513188397,-13.9983729097617,5.9211894646675e-16
2.7390517318693,310.761979276894,1.15306803394333e-06,0,-5.74569533403955,-13.9983729694437,2.96059473233375e-16
2.74903496594109,310.761979295697,8.93139163811914e-07,0,-5.74569534132681,-13.998372745292,0
2.75905443141863,310.761979308414,7.0490125381184e-07,0,-5.74569538974952,-13.9983726669329,0
2.7690303385734,310.761979315592,5.61001210523197e-07,0,-5.74569542488476,-13.9983726322104,-5.9211894646675e-16
2.77900221059378,310.761979325091,4.79860773339169e-07,0,-5.74569556843365,-13.9983727617435,0
2.78896061526132,310.761979329876,3.53783464153897e-07,0,-5.74569549490393,-13.998372570448,-2.96059473233375e-16
2.79901253437289,310.761979335625,3.47208735244446e-07,0,-5.74569571470921,-13.9983728762249,5.9211894646675e-16
2.80899720304601,310.761979338066,2.38298497379219e-07,0,-5.7456955817319,-13.9983726142151,0
2.81899728608284,310.761979337685,1.78268805939297e-07,0,-5.74569553768294,-13.998372538482,0
2.82901704049025,310.76197934201,2.06248084092901e-07,0,-5.74569574071271,-13.9983728374815,0
2.83894957065922,310.761979342245,1.16693057587251e-07,0,-5.7456955686553,-13.998372533742,0
2.84893063850125,310.761979344224,9.03234915009913e-08,0,-5.74569557019261,-13.9983725112518,-2.96059473233375e-16
2.85892586997966,310.761979345107,1.01503635126695e-07,0,-5.7456956603761,-13.9983726552049,0
2.86895164736899,310.761979342838,5.94738385946888e-08,0,-5.74569556999607,-13.9983725239635,-5.9211894646675e-16
2.87897075288211,310.76197934513,4.52294367884557e-08,0,-5.74569557176555,-13.9983725004382,5.9211894646675e-16
2.88893392610828,310.761979345241,4.6972157126864e-08,0,-5.7456956047931,-13.9983725545894,-2.96059473233375e-16
2.89893628342929,310.761979346422,3.13070245283598e-08,0,-5.74569558466979,-13.9983725053785,1.48029736616688e-16
2.90891944350224,310.761979347035,8.16642587627333e-08,0,-5.74569574882169,-13.9983727814194,0
2.91889858868035,310.76197934392,2.55810543118666e-08,0,-5.74569558576008,-13.9983725352475,5.9211894646675e-16
2.92891600911597,310.761979345843,1.68317342286173e-08,0,-5.74569557879413,-13.9983725016575,5.9211894646675e-16
2.93890549657245,310.761979346047,3.64493750737438e-08,0,-5.74569564679634,-13.9983726156182,2.96059473233375e-16
2.94889024008657,310.761979346943,1.3504480496825e-08,0,-5.74569559234187,-13.9983725107143,-4.44089209850063e-16
2.95890883107425,310.761979347032,8.85809943914258e-09,0,-5.74569558270207,-13.9983724934359,-5.9211894646675e-16
2.96889792802206,310.761979344399,1.99770605983455e-08,0,-5.74569560623673,-13.9983725639512,0
2.97886569619846,310.761979345976,9.08947110171236e-09,0,-5.74569558427742,-13.998372508686,0
2.98883328470229,310.76197934655,5.31134949355305e-08,0,-5.74569571873331,-13.9983727333518,5.9211894646675e-16
2.99887975817482,310.761979346966,1.07441261813316e-08,0,-5.74569560158277,-13.9983725257184,5.9211894646675e-16
3.00886123152675,310.761979347197,4.50279458164005e-09,0,-5.74569558608381,-13.9983724968814,-5.9211894646675e-16
3.01886927962559,310.761979344585,2.80668643881654e-08,0,-5.74569564056483,-13.9983726207179,0
3.02888397165609,310.761979346171,9.13090995406189e-09,0,-5.74569559357192,-13.9983725223425,0
3.03881411553568,310.761979346343,-7.59075173088301e-10,0,-5.74569556961614,-13.9983724782598,0
3.04880213626877,310.761979346817,1.41945974974078e-08,0,-5.7456956165236,-13.9983725527539,0
3.05879336861744,310.761979347262,4.23191674296201e-09,0,-5.74569559072076,-13.9983725039473,0
3.06882807293668,310.761979344779,4.79449226986617e-08,0,-5.74569570362644,-13.998372727184,5.9211894646675e-16
3.07884194885425,310.761979346152,1.25554796189438e-08,0,-5.74569560982877,-13.9983725503756,-5.9211894646675e-16
3.08880195542331,310.761979346425,-2.76741592604897e-10,0,-5.7456955718314,-13.9983724811298,-2.96059473233375e-16
3.09881205820573,310.76197934697,2.44842605449473e-08,0,-5.74569564712241,-13.998372603638,5.9211894646675e-16
3.10880219771321,310.761979347196,6.89544776832918e-09,0,-5.74569559796253,-13.9983725171789,0
3.11877130936893,310.7619793445,1.482154251183e-09,0,-5.74569557004525,-13.9983724998982,-5.9211894646675e-16
3.12879566310431,310.761979346124,2.34235812968109e-08,0,-5.74569563940144,-13.9983726018145,0
3.13877689546556,310.761979346456,1.14651991604357e-10,0,-5.74569557577665,-13.9983724874748,0
3.14877032058556,310.761979347096,4.28099724558706e-08,0,-5.74569570297253,-13.9983726983121,1.48029736616688e-16
3.1587838196907,310.761979347401,1.13853767895004e-08,0,-5.74569561306254,-13.9983725408257,5.9211894646675e-16
3.16876984687514,310.761979344565,2.19913924108065e-09,0,-5.74569557204141,-13.9983725026039,0
3.17875736920952,310.761979346291,4.2094048543125e-08,0,-5.74569569500633,-13.9983726959029,0
3.18871212520019,310.761979346587,2.60629680800169e-09,0,-5.74569558275171,-13.9983724980231,2.96059473233375e-16
3.19875217081311,310.761979347325,7.86346466459994e-08,0,-5.74569580691895,-13.9983728749738,-1.48029736616688e-16
3.208728062301,310.761979347618,1.97417477920681e-08,0,-5.74569564070045,-13.9983725859355,0
3.21874447202148,310.761979344595,3.06019387608103e-09,0,-5.74569557541927,-13.998372508044,5.9211894646675e-16
3.22875608228023,310.761979346709,7.81199294882147e-08,0,-5.74569579856908,-13.9983728701282,0
3.23870470094492,310.761979346695,7.03682919341494e-09,0,-5.74569559590816,-13.9983725194701,0
3.24869396129387,310.761979346667,3.27082716466975e-09,0,-5.74569558410915,-13.9983724989603,-1.48029736616688e-16
3.25865647208073,310.761979347842,3.7365614010317e-08,0,-5.74569569076227,-13.9983726698125,0
3.26869459898416,310.76197934466,4.03219739079456e-09,0,-5.74569558192245,-13.9983725183815,5.9211894646675e-16
3.2787173431805,310.761979345979,1.89730068692976e-09,0,-5.74569557843806,-13.9983724979538,0
3.28868466369821,310.761979346807,1.5135988462589e-08,0,-5.74569561994408,-13.9983725596368,0
3.29867913435168,310.761979346654,3.99055958647902e-09,0,-5.74569558685826,-13.9983725037293,0
3.3086659889331,310.761979348024,6.86348281912312e-08,0,-5.74569578234799,-13.9983728258437,0
3.31865357398407,310.761979344595,8.59636391699799e-09,0,-5.74569559265488,-13.9983725376754,-5.9211894646675e-16
3.3286624477307,310.761979345876,3.53969653588138e-09,0,-5.74569558108108,-13.9983725037562,0
3.33865202259757,310.761979347024,3.00966623475081e-08,0,-5.74569566462298,-13.9983726342349,-2.96059473233375e-16
3.34862887052235,310.761979346618,4.8217998482869e-09,0,-5.74569559186648,-13.998372512545,-1.48029736616688e-16
3.35863892697505,310.761979347763,2.03361120535798e-09,0,-5.74569558752698,-13.9983724927325,0
3.36864441048517,310.761979344773,1.68614538627783e-08,0,-5.74569561427709,-13.9983725730259,0
3.37861564293572,310.761979345956,5.22614603445011e-09,0,-5.7456955867722,-13.9983725126562,0
3.38857992531055,310.761979347609,5.85796205617347e-08,0,-5.74569574709115,-13.9983727723681,2.96059473233375e-16
3.39861430646702,310.761979346482,8.82221229403513e-09,0,-5.74569560143016,-13.9983725304919,5.9211894646675e-16
3.40858689559624,310.761979347901,2.69228432140759e-09,0,-5.74569559103113,-13.9983724971575,0
3.4186115653866,310.761979344955,3.0238794579418e-08,0,-5.74569565389615,-13.9983726392944,-5.9211894646675e-16
3.42861793455609,310.761979345977,8.64451976667624e-09,0,-5.74569559655439,-13.9983725293263,0
3.43857591298767,310.761979347011,-1.63796206228047e-09,0,-5.7456955728016,-13.9983724767303,2.96059473233375e-16
3.44856846491694,310.761979346544,3.01599622313612e-08,0,-5.7456956630132,-13.998372635653,1.48029736616688e-16
3.45851890870182,310.761979347957,4.29512662473523e-09,0,-5.74569559626187,-13.9983725055164,0
3.46856629468203,310.761979345193,5.49520819959071e-08,0,-5.74569572723782,-13.998372763136,0
3.47858362367659,310.761979345885,1.48225846411757e-08,0,-5.74569561489505,-13.9983725619781,0
3.48854764546745,310.761979347067,-6.66948570445432e-10,0,-5.7456955757496,-13.9983724812906,0
3.49856383196406,310.761979346764,5.57557958321316e-08,0,-5.74569573581341,-13.9983727586839,-2.96059473233375e-16
3.50853190163885,310.761979347842,7.71359509599279e-09,0,-5.74569560446518,-13.9983725209875,0
3.51851707484033,310.761979344778,1.33790460192055e-09,0,-5.74569557144181,-13.9983724991013,0
3.52853316387522,310.76197934569,2.72744008119237e-08,0,-5.74569564856752,-13.998372622353,0
3.53851850347639,310.761979347087,3.77715044426926e-10,0,-5.74569558040508,-13.9983724891681,2.96059473233375e-16
3.54851002695843,310.761979346428,2.31212500996965e-09,0,-5.7456955809668,-13.9983724962519,1.48029736616688e-16
3.55850914121738,310.7619793481,1.36269591166638e-08,0,-5.7456956221452,-13.9983725485407,-5.9211894646675e-16
3.56851142616617,310.761979344895,2.13548882281126e-09,0,-5.74569557401254,-13.9983725021958,5.9211894646675e-16
3.57849082202666,310.761979345885,4.92036633659154e-08,0,-5.74569571321896,-13.9983727316976,0
3.58844978641222,310.761979347086,3.50490836353856e-09,0,-5.74569558840485,-13.9983725031559,-2.96059473233375e-16
3.59848817807825,310.761979346265,2.03046586951435e-09,0,-5.74569558229476,-13.9983725001958,0
3.60846141896214,310.761979348256,2.39310130230782e-08,0,-5.74569565370057,-13.9983726011603,-5.9211894646675e-16
3.61848198045301,310.761979344966,3.04544300888665e-09,0,-5.74569557813221,-13.9983725084343,-5.9211894646675e-16
3.628485165202,310.761979345503,2.08734718398773e-09,0,-5.74569557546155,-13.9983724981756,0
3.63844995208648,310.761979347126,9.08953741903436e-09,0,-5.74569560327075,-13.9983725285824,-5.9211894646675e-16
3.64843858325666,310.761979346216,3.41827899319469e-09,0,-5.7456955853477,-13.9983725059147,-1.48029736616688e-16
3.65840970278536,310.761979348386,4.34037777570969e-08,0,-5.74569571140007,-13.9983726992188,5.9211894646675e-16
3.66843999260148,310.761979345015,6.04738185453849e-09,0,-5.74569558542039,-13.9983725204685,0
3.67845426376092,310.761979345363,2.15707511112366e-09,0,-5.74569557682871,-13.9983725020774,0
3.68842586993394,310.761979347235,1.88888265029163e-08,0,-5.74569563118754,-13.9983725757738,0
3.6984372255895,310.761979346227,6.23230296999585e-09,0,-5.74569559259263,-13.9983725181802,-4.44089209850063e-16
3.70840303935723,310.761979348072,2.1046465311277e-09,0,-5.74569558866095,-13.9983724911979,0
3.71839483344177,310.761979344939,1.00571024101252e-08,0,-5.74569559801076,-13.9983725429858,5.9211894646675e-16
3.72840679766752,310.761979345073,3.26377858073101e-09,0,-5.74569557923119,-13.998372509502,5.9211894646675e-16
3.73840892679768,310.761979347453,3.57853811768412e-08,0,-5.74569568266942,-13.9983726623969,0
3.74840735019116,310.761979346209,1.04402128423923e-08,0,-5.7456956051817,-13.9983725399084,-2.96059473233375e-16
3.75841072456528,310.761979348072,2.58584501959073e-09,0,-5.7456955902876,-13.9983724939843,0
3.76842399957941,310.761979345018,1.89283089942667e-08,0,-5.74569562273248,-13.9983725847526,0
3.77837487643233,310.761979345185,6.18134284498713e-09,0,-5.745695585499,-13.9983725191247,0
3.78833278333563,310.761979347683,6.90850280686088e-08,0,-5.74569577822704,-13.9983728251849,0
3.79836570355016,310.76197934615,1.8478165960308e-08,0,-5.74569562909375,-13.9983725816158,-4.44089209850063e-16
3.80833907163986,310.761979348329,3.73000830222736e-09,0,-5.74569559470969,-13.9983724986745,-5.9211894646675e-16
3.81835615654833,310.761979345321,3.49234881014127e-08,0,-5.74569566913164,-13.9983726613932,0
3.82835420389442,310.76197934505,1.04932761738989e-08,0,-5.74569559651299,-13.9983725396896,0
3.8383281056996,310.761979347015,-9.80790559879097e-10,0,-5.74569557537443,-13.998372481122,-5.9211894646675e-16
3.84831245583414,310.761979346187,3.4900267564808e-08,0,-5.74569567340001,-13.9983726576784,-2.96059473233375e-16
3.8582788779954,310.761979348406,5.36476818524534e-09,0,-5.74569560098234,-13.9983725085584,0
3.86831476345909,310.761979345637,6.3325903928065e-08,0,-5.74569575448997,-13.9983728050701,0
3.87833531556539,310.761979344986,1.70700218404818e-08,0,-5.74569561799548,-13.9983725773856,-5.9211894646675e-16
3.88831078229602,310.761979347056,3.45229030547974e-10,0,-5.74569557861096,-13.9983724863708,0
3.89833085063106,310.761979346493,6.35084423568818e-08,0,-5.74569575825673,-13.9983728004605,5.9211894646675e-16
3.90829477687665,310.761979348531,9.00471756419089e-09,0,-5.74569561170557,-13.9983725256146,5.9211894646675e-16
3.91826116724961,310.761979345151,1.89186977195277e-09,0,-5.74569557338986,-13.9983724982281,0
3.92826870561694,310.761979344664,3.10724506865275e-08,0,-5.74569565653512,-13.998372647526,0
3.93826231291999,310.76197934701,1.5859219123134e-09,0,-5.7456955839203,-13.9983724960942,0
3.94824547217735,310.761979346126,1.49088918988127e-09,0,-5.74569557847622,-13.9983724953386,-5.9211894646675e-16
3.95824884625269,310.761979348683,1.57309993179903e-08,0,-5.7456956316353,-13.9983725582514,0
3.96824387830892,310.761979345259,2.61397540649947e-09,0,-5.74569557636027,-13.9983725020963,0
3.97821515356592,310.761979344811,5.75797685087309e-08,0,-5.7456957310358,-13.9983727745107,0
3.98818542152386,310.761979346948,6.24745174112225e-09,0,-5.74569559324653,-13.9983725131453,5.9211894646675e-16
3.99821510023137,310.761979346026,2.04952736263901e-09,0,-5.74569558020901,-13.9983724993359,0
4.00819282747147,310.761979348853,2.83643354729672e-08,0,-5.74569566817449,-13.9983726193757,0
4.01821021258792,310.761979345343,3.96152681029586e-09,0,-5.74569558117476,-13.9983725093945,0
4.02820496890976,310.761979344417,2.75097515138138e-09,0,-5.74569557121198,-13.9983725031543,5.9211894646675e-16
4.03817925514532,310.761979347015,1.17941662362379e-08,0,-5.74569561034988,-13.9983725420281,5.9211894646675e-16
4.04815954961226,310.761979346031,3.17018589157669e-09,0,-5.74569558457059,-13.9983725066336,-2.96059473233375e-16
4.05812151775795,310.761979349059,5.08473855613071e-08,0,-5.74569573554137,-13.9983727332485,0
4.06812592892765,310.761979345452,6.96559373144131e-09,0,-5.74569558994754,-13.9983725232702,-5.9211894646675e-16
4.0781314330938,310.761979344084,2.80016365650226e-09,0,-5.74569557197005,-13.9983725081618,0
4.08812903338073,310.761979347079,2.36371325475678e-08,0,-5.74569564291965,-13.9983725977529,0
4.0981202839089,310.761979346093,7.1259573057129e-09,0,-5.74569559270546,-13.9983725199277,0
4.10809820507137,310.761979348777,2.6898874239123e-09,0,-5.74569559355593,-13.9983724916281,5.9211894646675e-16
4.1180760263893,310.761979345521,1.16234524227821e-08,0,-5.74569560535375,-13.9983725489824,0
4.12806687209603,310.761979343711,3.85864495910937e-09,0,-5.74569557412733,-13.9983725160712,0
4.13806846297726,310.761979347254,4.30681552643364e-08,0,-5.74569570289781,-13.9983726994173,0
4.14805856421176,310.761979346103,1.16826205006267e-08,0,-5.74569560764734,-13.9983725453538,1.48029736616688e-16
4.15805212103838,310.76197934901,3.27031557390001e-09,0,-5.74569559672362,-13.9983724943111,0
4.16806120732898,310.761979345524,2.19738458540064e-08,0,-5.74569563345327,-13.9983725974646,0
4.17802779328108,310.761979343659,6.52867508203296e-09,0,-5.74569558076487,-13.9983725281157,0
4.18799925247322,310.76197934672,2.67164068645798e-10,0,-5.74569557583162,-13.9983724852509,5.9211894646675e-16
4.19801109464286,310.761979345967,2.08676264416378e-08,0,-5.74569563439178,-13.9983725929119,-1.48029736616688e-16
4.20796886747418,310.761979348573,4.19125475067024e-09,0,-5.74569559815633,-13.9983725016659,-2.96059473233375e-16
4.21798447231158,310.761979345759,3.9413758775216e-08,0,-5.74569568723584,-13.9983726875069,0
4.22796184531793,310.761979343703,1.04022130168839e-08,0,-5.74569559454271,-13.9983725511677,-5.9211894646675e-16
4.23794306496633,310.761979346895,-1.77038828041987e-10,0,-5.7456955784069,-13.9983724876603,0
4.24790733415735,310.761979345979,3.90957571501834e-08,0,-5.74569568552382,-13.9983726809295,-5.9211894646675e-16
4.25790270825928,310.761979348425,7.22474169378984e-09,0,-5.74569560394611,-13.998372513333,-2.96059473233375e-16
4.2679033819527,310.761979346312,7.5050474871811e-08,0,-5.74569578716446,-13.9983728539016,0
4.27787886567991,310.761979343822,1.96277104199301e-08,0,-5.74569561992003,-13.9983725936245,-5.9211894646675e-16
4.28786424474524,310.761979346914,1.97246663447004e-09,0,-5.74569558206949,-13.9983724939112,5.9211894646675e-16
4.29781552545539,310.761979346181,7.22765397161614e-08,0,-5.74569578170373,-13.9983728446321,1.48029736616688e-16
4.30777514195757,310.761979348187,1.04567258555714e-08,0,-5.74569561519396,-13.998372535221,0
4.31772280017077,310.761979346108,1.51046227377568e-09,0,-5.74569557854035,-13.9983724961046,0
4.32773399361025,310.761979344003,3.54519708404647e-08,0,-5.74569566709691,-13.9983726729281,0
4.3377294303918,310.761979346939,3.61969417402482e-09,0,-5.74569558868086,-13.9983725051159,0
4.34771606977353,310.761979345531,3.57355626571613e-11,0,-5.74569557091153,-13.9983724890026,2.96059473233375e-16
4.35771696644215,310.761979348007,1.87813877043178e-08,0,-5.74569563638934,-13.99837257377,2.96059473233375e-16
4.36769818318159,310.761979346095,2.12308274664489e-09,0,-5.74569558126308,-13.9983725008944,0
4.37767336833193,310.761979344416,6.65775322280145e-08,0,-5.7456957547188,-13.9983728196124,0
4.3876390090259,310.761979346814,7.36293751894361e-09,0,-5.74569559903632,-13.9983725244703,-5.9211894646675e-16
4.39763578963161,310.76197934545,-6.33647800896142e-10,0,-5.7456955721694,-13.9983724918712,1.48029736616688e-16
4.40763088374977,310.76197934785,3.14804727471104e-08,0,-5.74569567713479,-13.9983726455381,-5.9211894646675e-16
4.41763104032576,310.761979346357,4.4874184368382e-09,0,-5.74569558774469,-13.9983725091221,-5.9211894646675e-16
4.42761722734339,310.761979344078,1.90829041457619e-09,0,-5.74569556941842,-13.9983725036766,0
4.43759951332989,310.761979346816,1.37754436006314e-08,0,-5.74569561914055,-13.9983725591765,0
4.44754714660578,310.761979345401,2.1177347283204e-09,0,-5.7456955758698,-13.9983724988116,-2.96059473233375e-16
4.45755667707763,310.761979347839,6.06993353358121e-08,0,-5.74569575351064,-13.9983727775645,5.9211894646675e-16
4.46754682172552,310.761979346497,7.238322533946e-09,0,-5.74569559803337,-13.998372525194,0
4.47753150137804,310.761979344075,2.46511907183352e-09,0,-5.74569557185431,-13.9983725078613,0
4.48754208370482,310.761979346864,2.86721046904859e-08,0,-5.74569565624056,-13.9983726229593,0
4.49748888088397,310.761979345447,5.45903825847442e-09,0,-5.74569558501561,-13.9983725139633,-2.96059473233375e-16
4.50747073937714,310.761979347242,2.30092685645407e-09,0,-5.74569558662131,-13.998372496858,2.96059473233375e-16
4.51743227579727,310.761979346712,1.52521503575069e-08,0,-5.74569561674754,-13.9983725551664,-5.9211894646675e-16
4.52743885791357,310.761979344136,2.65928671675889e-09,0,-5.7456955765973,-13.9983725151857,0
4.53743024011982,310.761979346903,5.19430235120429e-08,0,-5.74569572572119,-13.9983727424513,5.9211894646675e-16
4.54737525508226,310.761979345809,1.10895754801277e-08,0,-5.74569560315933,-13.9983725420429,-2.96059473233375e-16
4.55737599169559,310.761979347164,2.66707426514282e-09,0,-5.74569558836878,-13.9983725006317,0
4.56737449158892,310.761979346954,2.5626974320403e-08,0,-5.74569565078972,-13.9983726110324,-5.9211894646675e-16
4.57735675448901,310.761979344269,7.61464017765926e-09,0,-5.74569558540677,-13.9983725290359,0
4.58734363543994,310.761979346328,1.62990924460852e-09,0,-5.74569557792064,-13.9983724932498,0
4.59733495406735,310.761979345962,2.24147290358208e-08,0,-5.74569563609812,-13.9983725971229,5.9211894646675e-16
4.60733985497807,310.761979347116,4.67863022398281e-09,0,-5.74569559228269,-13.998372507897,0
4.61730580660293,310.76197934718,4.63609334625896e-08,0,-5.74569571289343,-13.9983727155893,-5.9211894646675e-16
4.62728692320721,310.761979344349,1.23276511961497e-08,0,-5.74569560128947,-13.9983725554272,0
4.63724376106171,310.761979346136,2.31257975732054e-09,0,-5.74569557936394,-13.9983724979305,0
4.64719982302035,310.761979346565,4.26927231154256e-08,0,-5.74569569915822,-13.9983726990369,0
4.65719957788793,310.761979346923,6.89260559738614e-09,0,-5.74569559889837,-13.9983725212479,-2.96059473233375e-16
4.66720101005294,310.761979347896,8.50348366536006e-08,0,-5.74569582989506,-13.9983729093816,5.9211894646675e-16
4.67720441803436,310.761979344523,2.25898872940888e-08,0,-5.74569563116854,-13.9983726049956,0
4.68719720236971,310.761979346161,2.52269198123637e-09,0,-5.74569558319231,-13.9983725041277,0
4.69714069688454,310.761979346453,-1.36965816466272e-09,0,-5.74569556979345,-13.9983724772782,2.96059473233375e-16
4.70711944470779,310.761979346835,1.17975484196601e-08,0,-5.74569561209628,-13.9983725448592,5.9211894646675e-16
4.71707741703789,310.761979347393,1.77748423387432e-09,0,-5.74569558623814,-13.9983724946812,0
4.72711647329119,310.761979344712,4.11833127600403e-08,0,-5.74569568566172,-13.998372696863,0
4.73711980387013,310.761979346078,4.45010073235608e-09,0,-5.74569558979336,-13.998372516418,-5.9211894646675e-16
4.74708599202128,310.761979346571,-1.11161568838725e-09,0,-5.74569557194961,-13.998372479614,2.96059473233375e-16
4.75708603621867,310.761979346829,2.14096758099913e-08,0,-5.74569563799499,-13.9983725894954,1.48029736616688e-16
4.76704376757357,310.761979347507,3.26986082654912e-09,0,-5.74569559013858,-13.9983725001287,5.9211894646675e-16
4.77703500125694,310.761979344567,2.01271177502349e-09,0,-5.74569556988985,-13.9983724989261,0
4.78701644570751,310.761979345864,9.03069500661028e-09,0,-5.74569560147286,-13.9983725390089,0
4.79701652537947,310.76197934674,-9.2011257872097e-10,0,-5.7456955757791,-13.9983724842059,2.96059473233375e-16
4.80699724416131,310.761979346777,3.60729851915191e-08,0,-5.74569568526039,-13.9983726712461,-7.40148683083438e-16
4.81697900741257,310.761979347742,5.54151332228988e-09,0,-5.74569559728434,-13.9983725097735,0
4.82699342640612,310.761979344618,2.07546690944582e-09,0,-5.74569557169011,-13.9983725013936,0
4.83694533903747,310.761979345967,1.90598636133169e-08,0,-5.74569562484721,-13.9983725783708,5.9211894646675e-16
4.84691995116671,310.761979347038,2.78875234016596e-09,0,-5.74569558267296,-13.998372493858,0
4.85693421942128,310.761979346881,6.88679998953982e-08,0,-5.74569577470062,-13.9983728244254,-4.44089209850063e-16
4.86687913594756,310.761979347849,9.38658217819466e-09,0,-5.7456956091823,-13.9983725290398,-5.9211894646675e-16
4.87690378795552,310.761979344853,3.0610702121218e-09,0,-5.7456955756684,-13.9983725055581,-5.9211894646675e-16
4.88690725794572,310.761979346007,3.32483030736815e-08,0,-5.74569566810315,-13.9983726524706,0
4.8968936604075,310.761979347119,6.00670091444044e-09,0,-5.74569559425951,-13.998372513038,0
4.90685274732983,310.7619793464,1.47525724969455e-09,0,-5.74569558160609,-13.9983724975306,2.96059473233375e-16
4.91681435941374,310.761979348046,1.62377110276187e-08,0,-5.74569563072946,-13.9983725639223,5.9211894646675e-16
4.92683639160248,310.761979344902,4.16694945215568e-09,0,-5.74569558122968,-13.9983725144921,0
4.93681773847315,310.761979345982,6.0760082002768e-08,0,-5.74569574775214,-13.9983727901951,0
4.94677812858582,310.761979347242,1.39012428235219e-08,0,-5.74569561606115,-13.9983725495021,0
4.95672549254775,310.761979346143,3.4424090245011e-09,0,-5.74569558200668,-13.9983725011445,1.48029736616688e-16
4.96666323796477,310.761979348501,2.84367160929833e-08,0,-5.74569567162303,-13.998372629172,5.9211894646675e-16
4.97663715322505,310.761979345158,8.74550920570982e-09,0,-5.74569559179353,-13.9983725298816,0
4.98662790980808,310.76197934466,2.15205394245762e-09,0,-5.74569557280762,-13.9983725031046,0
4.99663525552357,310.761979347322,2.65726214365714e-08,0,-5.74569565574777,-13.998372617198,0
5.00661040526289,310.761979346015,3.81252599860697e-09,0,-5.74569558534431,-13.9983725081957,2.96059473233375e-16
5.01661849521079,310.761979348827,5.40799002616647e-08,0,-5.7456957441536,-13.9983727507424,5.9211894646675e-16
5.02662730497172,310.761979345216,1.47881777934344e-08,0,-5.74569561030529,-13.9983725611041,0
5.03656743486384,310.761979344585,3.02118981683937e-09,0,-5.74569557438126,-13.998372506672,0
5.04656266746689,310.761979347474,5.05049702799927e-08,0,-5.74569572712044,-13.9983727389156,5.9211894646675e-16
5.05656412200045,310.761979346021,6.20963191977353e-09,0,-5.7456955942044,-13.9983725231959,2.96059473233375e-16
5.06653277900141,310.761979348644,1.63803785350562e-09,0,-5.74569559275554,-13.9983724916588,0
5.0765641032371,310.761979345356,2.57411561695638e-08,0,-5.74569564477821,-13.9983726188913,0
5.08655278617851,310.761979344549,4.12012468586909e-09,0,-5.74569557854559,-13.9983725142285,0
5.0965356380198,310.761979346965,-5.54971772241212e-10,0,-5.74569557558254,-13.9983724820294,0
5.10649916618379,310.761979345964,1.23925284848762e-08,0,-5.74569560974803,-13.9983725505454,0
5.11646161603605,310.761979348787,2.76880503709738e-09,0,-5.74569559566392,-13.998372495076,0
5.12650476279729,310.76197934565,4.75962759575547e-08,0,-5.7456957086981,-13.9983727258669,-5.9211894646675e-16
5.13651531975164,310.76197934434,6.95678181727999e-09,0,-5.74569558547543,-13.9983725285543,-5.9211894646675e-16
5.14649672119386,310.761979346927,-2.0797112180541e-10,0,-5.74569557809306,-13.9983724868276,5.9211894646675e-16
5.1564895473762,310.761979346084,2.36161289042987e-08,0,-5.74569564038842,-13.9983726019387,-2.96059473233375e-16
5.16644758340683,310.761979348744,4.17672178324816e-09,0,-5.74569559911279,-13.9983725015088,0
5.17643015328019,310.76197934538,2.58616239534604e-09,0,-5.74569557376976,-13.9983724963457,0
5.18642638602242,310.761979343927,1.24104531096236e-08,0,-5.74569559788977,-13.998372554661,0
5.19643012080437,310.761979346875,1.18131045686217e-09,0,-5.74569558190975,-13.9983724940839,-5.9211894646675e-16
5.20640617861001,310.761979346215,4.23503365709621e-08,0,-5.74569569632821,-13.9983726967466,-1.48029736616688e-16
5.21639448779167,310.761979348991,6.67521741585612e-09,0,-5.74569560731751,-13.9983725128301,5.9211894646675e-16
5.22640045093933,310.761979345378,2.5653707306598e-09,0,-5.74569557557,-13.9983724994052,0
5.23634801171207,310.761979343702,2.1441943924098e-08,0,-5.74569562350479,-13.9983726012219,0
5.24633827062681,310.761979346796,4.22545554101816e-09,0,-5.74569558895715,-13.9983725072772,0
5.25632334331995,310.761979346499,7.85958320648206e-08,0,-5.74569580089491,-13.998372874103,7.40148683083438e-16
5.26628763096261,310.761979348613,1.02587781232918e-08,0,-5.74569561872409,-13.9983725364742,0
5.27631536734481,310.761979345658,1.07790221193227e-09,0,-5.74569558043049,-13.9983725043119,0
5.28630219551395,310.761979343943,3.91718989097474e-08,0,-5.74569567422506,-13.9983726860446,0
5.29630457948389,310.761979346856,9.38700850383611e-09,0,-5.74569560196083,-13.9983725292026,-5.9211894646675e-16
5.30625004162968,310.761979345838,1.0032958167964e-09,0,-5.74569557536875,-13.998372493203,1.48029736616688e-16
5.31624537235495,310.761979348537,1.87589345538678e-08,0,-5.74569564223993,-13.9983725778349,2.96059473233375e-16
5.32624729702658,310.761979345707,4.62390895942614e-09,0,-5.74569558676262,-13.9983725147905,0
5.33620909511098,310.761979344303,7.12305260700911e-08,0,-5.74569576803301,-13.9983728438854,5.9211894646675e-16
5.34620903709879,310.761979347047,1.64090086703557e-08,0,-5.7456956270193,-13.9983725702509,5.9211894646675e-16
5.35613601214616,310.761979345658,3.91698525466685e-10,0,-5.74569557588191,-13.998372495914,1.48029736616688e-16
5.36611074046053,310.761979348275,3.58371986900844e-08,0,-5.74569568536685,-13.9983726552184,2.96059473233375e-16
5.37610019285591,310.761979345981,9.0792582341237e-09,0,-5.7456955994238,-13.9983725335193,1.1842378929335e-15
5.38611174578764,310.761979343823,1.53157012997932e-09,0,-5.74569556891027,-13.9983725056659,0
5.39613496335086,310.761979347205,3.27999979769326e-08,0,-5.74569567210171,-13.9983726464842,0
5.40608074740241,310.761979345597,2.83704556143978e-09,0,-5.74569558032585,-13.9983725042169,4.44089209850063e-16
5.41607772058639,310.761979348476,6.31706977098171e-08,0,-5.74569576877219,-13.9983727966371,0
5.42606581046825,310.761979346116,1.5675775936567e-08,0,-5.74569562107268,-13.9983725692446,0
5.43600090507425,310.761979344007,2.63126291126052e-09,0,-5.74569557211912,-13.9983725090999,0
5.44600031969687,310.761979347323,6.18837248111959e-08,0,-5.74569575494122,-13.9983727884804,0
5.45597744835434,310.761979345418,6.66408084271097e-09,0,-5.74569558821751,-13.9983725198026,-4.44089209850063e-16
5.46599105549525,310.761979347736,3.60908340250414e-09,0,-5.74569558956456,-13.9983724964554,0
5.47601422522042,310.761979346342,2.99311485226402e-08,0,-5.74569566146686,-13.9983726364021,-1.1842378929335e-15
5.48597602437167,310.761979344028,6.19738216300902e-09,0,-5.74569557695205,-13.9983725173608,-5.9211894646675e-16
5.49596250111952,310.761979346715,-8.25082224764628e-11,0,-5.74569557849514,-13.9983724898,0
5.50590048828973,310.761979345409,1.22142722602803e-08,0,-5.74569560562245,-13.9983725497437,0
5.51590330901288,310.761979347427,3.12983653808866e-09,0,-5.74569559054701,-13.9983725014625,-2.96059473233375e-16
5.52591432130989,310.761979346776,5.51973755591462e-08,0,-5.74569573635766,-13.9983727607249,0
5.5358947057812,310.761979344009,8.02447175374255e-09,0,-5.74569558589762,-13.9983725328503,5.9211894646675e-16
5.54589153753208,310.761979346731,8.33059251211428e-10,0,-5.74569558118562,-13.9983724943168,0
5.55583815357056,310.7619793455,2.41967512693009e-08,0,-5.74569564019536,-13.9983726082868,-2.96059473233375e-16
5.5658134641774,310.761979347261,3.43525622762778e-09,0,-5.74569559385562,-13.998372508847,2.96059473233375e-16
5.57579950418756,310.761979346597,1.60914244891804e-09,0,-5.74569558043978,-13.9983724938226,0
5.58580281949673,310.761979344163,1.4134911907604e-08,0,-5.74569560316957,-13.9983725608968,-5.9211894646675e-16
5.59582253266568,310.761979346658,2.82276838940258e-09,0,-5.74569558576622,-13.998372503127,0
5.60577638684723,310.761979345888,4.71313038967007e-08,0,-5.74569570599056,-13.9983727186191,0
5.61580085553971,310.761979347219,7.59560710624404e-09,0,-5.74569560134979,-13.9983725223044,0
5.62578619531584,310.761979346565,2.21496065933025e-09,0,-5.7456955823207,-13.998372497407,-5.9211894646675e-16
5.63573207374098,310.761979344302,2.38156777262096e-08,0,-5.74569563472932,-13.9983726136324,0
5.64574994196115,310.761979346457,5.50200714618162e-09,0,-5.74569559310569,-13.998372518107,0
5.65570308876426,310.761979345728,-1.56347586729074e-09,0,-5.74569556684562,-13.9983724803983,0
5.66568930451197,310.761979347154,1.26741307819126e-08,0,-5.74569561615963,-13.9983725484172,0
5.67569661406763,310.761979346789,3.86995679946267e-09,0,-5.74569558738551,-13.9983725036008,0
5.68568971163762,310.7619793446,4.41170205552529e-08,0,-5.74569569376418,-13.9983727121535,0
5.69568337250635,310.761979346483,1.15059416809042e-08,0,-5.74569560794833,-13.9983725435483,0
5.70561359461387,310.761979346013,-1.63439158503328e-09,0,-5.74569556971323,-13.9983724820356,2.96059473233375e-16
5.71564834737606,310.761979347088,2.26344620083789e-08,0,-5.74569564363407,-13.9983725964563,-5.9211894646675e-16
5.72562953337966,310.761979346931,6.35715006562047e-09,0,-5.7456955953293,-13.9983725156567,0
5.73560687231121,310.761979344361,9.47958748535408e-10,0,-5.74569556940817,-13.9983725003524,-5.9211894646675e-16
5.74559829303253,310.761979346375,2.13921301413696e-08,0,-5.74569563548262,-13.998372592345,0
5.75552359032969,310.761979346314,1.52322747008308e-10,0,-5.74569557429929,-13.9983724865639,-5.9211894646675e-16
5.76549151379631,310.761979347059,4.10210721687084e-08,0,-5.74569569484393,-13.9983726848559,-2.96059473233375e-16
5.77546082311594,310.761979347354,1.0852450789874e-08,0,-5.74569561081308,-13.9983725375019,0
5.78547268555704,310.761979344393,2.5016883379673e-09,0,-5.74569557124788,-13.9983725032346,-5.9211894646675e-16
5.79549965964105,310.761979346338,3.73586317437002e-08,0,-5.74569568714248,-13.9983726816625,0
5.80547178398103,310.761979346466,2.32724772786241e-09,0,-5.74569558156813,-13.9983724973503,0
5.81545434084447,310.761979347401,7.36421081152609e-08,0,-5.7456957921139,-13.9983728486159,-4.44089209850063e-16
5.82540967102929,310.761979347616,2.04050915423674e-08,0,-5.74569563645226,-13.998372578827,-5.9211894646675e-16
5.83537469838509,310.761979344565,3.69701069757866e-09,0,-5.74569557478378,-13.9983725073695,-5.9211894646675e-16
5.8453903310318,310.761979346461,7.17082760578099e-08,0,-5.745695782892,-13.9983728457075,0
5.85536559085808,310.761979346737,5.86742743280411e-09,0,-5.74569559417281,-13.9983725159502,-2.96059473233375e-16
5.86532773939116,310.761979346719,3.18552414076597e-09,0,-5.74569558408584,-13.9983724983344,-1.48029736616688e-16
5.87533044589702,310.761979347984,3.55701767299858e-08,0,-5.74569568410758,-13.9983726567813,0
5.88533018320675,310.761979344651,5.33398747393221e-09,0,-5.74569558073534,-13.9983725165977,0
5.89529657231606,310.761979345799,1.21599441627041e-09,0,-5.74569557761916,-13.9983724984904,5.9211894646675e-16
5.90525064512741,310.761979347179,1.3630904997323e-08,0,-5.74569561764054,-13.99837255293,0
5.91525541180389,310.761979346501,1.80301640284597e-09,0,-5.74569557925474,-13.9983724930047,1.48029736616688e-16
5.92524600564729,310.761979348285,6.28369036803633e-08,0,-5.7456957705218,-13.9983728023279,0
5.9352815735314,310.761979344778,8.70908441659897e-09,0,-5.74569559189908,-13.9983725343535,0
5.94528214086772,310.761979345869,2.93211617948449e-09,0,-5.74569558044632,-13.9983725026733,0
5.95523722070901,310.761979347283,2.75088278082573e-08,0,-5.74569565883519,-13.9983726231225,2.96059473233375e-16
5.96523588175395,310.761979346462,8.24722216445176e-09,0,-5.74569560184957,-13.9983725313498,-4.44089209850063e-16
5.97518948056913,310.761979347898,1.8951501109162e-09,0,-5.74569558842793,-13.9983724927292,5.9211894646675e-16
5.98521096720667,310.76197934493,1.5112429233947e-08,0,-5.74569561201683,-13.998372567266,0
5.99523406047705,310.761979345715,4.47403181169648e-09,0,-5.74569558513865,-13.9983725124847,0
6.00522212386287,310.761979347651,5.44150774809774e-08,0,-5.74569573582846,-13.9983727523545,2.96059473233375e-16
6.01521971110641,310.761979346476,1.64197331287141e-08,0,-5.74569562113938,-13.9983725644378,0
6.02518620257868,310.761979347973,2.75705739719948e-09,0,-5.74569559112928,-13.9983724965321,0
6.03517267895276,310.761979344968,2.78870686543087e-08,0,-5.74569564811342,-13.9983726291195,0
6.04518207942417,310.761979345477,8.14039443260602e-09,0,-5.74569559340705,-13.998372529495,0
6.0551683969547,310.761979347095,-2.39074893215729e-09,0,-5.74569557375496,-13.9983724773189,2.96059473233375e-16
6.06517650696911,310.761979346478,2.89376771434036e-08,0,-5.74569565687559,-13.9983726258794,-1.48029736616688e-16
6.07517521734571,310.761979348112,4.94233631798124e-09,0,-5.7456955961695,-13.998372503683,0
6.08517564947202,310.761979345239,5.19437956351491e-08,0,-5.74569571657975,-13.998372744281,5.9211894646675e-16
6.09514862463713,310.761979345519,1.53796880416242e-08,0,-5.74569561065704,-13.9983725588979,-5.9211894646675e-16
6.10511055086881,310.761979347036,-6.60643687903454e-10,0,-5.74569557599333,-13.9983724820333,0
6.1151414760796,310.761979346569,5.02512307321012e-08,0,-5.74569572419891,-13.9983727406698,1.48029736616688e-16
6.12511426581191,310.761979348101,7.44648787076585e-09,0,-5.74569560460653,-13.9983725182937,0
6.13513925658554,310.761979344991,1.86389096749432e-09,0,-5.74569557228452,-13.9983724981786,5.9211894646675e-16
6.14514690601645,310.761979345583,2.60877375997855e-08,0,-5.74569564288219,-13.9983726137674,0
6.15510604122325,310.761979347022,5.25294770644299e-10,0,-5.74569558012817,-13.9983724894144,0
6.16510148668766,310.761979346258,1.64826966890056e-09,0,-5.7456955797083,-13.9983724959625,1.48029736616688e-16
6.17506196804472,310.761979348211,1.2421044933338e-08,0,-5.74569562074026,-13.9983725448055,0
6.18508031623237,310.761979345055,1.61243936721197e-09,0,-5.74569557457087,-13.9983725012898,0
6.19511142071641,310.76197934561,4.64355593976506e-08,0,-5.74569570268162,-13.9983727166474,0
6.20508605290079,310.76197934713,3.55244367256091e-09,0,-5.74569558794586,-13.9983725018674,0
6.21508055306569,310.761979346272,1.86087352934313e-09,0,-5.7456955813782,-13.998372498545,1.48029736616688e-16
6.22506292171042,310.7619793483,2.26980318984715e-08,0,-5.74569564963515,-13.9983725936698,5.9211894646675e-16
6.23504536800034,310.761979344989,2.16201575161297e-09,0,-5.74569557761438,-13.9983725072035,0
6.24505163275243,310.761979345689,8.40452495746528e-08,0,-5.74569581368336,-13.9983729072968,0
6.25504464292679,310.76197934718,8.1194997392231e-09,0,-5.74569560204308,-13.9983725257565,0
6.26504889330309,310.761979346149,3.65988247115941e-09,0,-5.74569558429336,-13.9983725049037,2.96059473233375e-16
6.27504798471093,310.761979348515,4.21967456532002e-08,0,-5.74569570334689,-13.9983726840125,0
6.28503528946601,310.761979345032,5.79811398893071e-09,0,-5.74569558425824,-13.9983725182884,0
6.29499342179036,310.761979344808,2.39164895295592e-09,0,-5.74569557438537,-13.9983725041592,0
6.30496165093811,310.761979347142,1.72333993001909e-08,0,-5.74569562781337,-13.9983725708636,5.9211894646675e-16
6.31497577767792,310.761979346072,5.13978193339426e-09,0,-5.74569559006496,-13.9983725156092,0
6.32492442470949,310.761979348359,1.09133679870865e-09,0,-5.74569559033512,-13.9983724907188,0
6.33494536012409,310.761979345212,9.24878188849713e-09,0,-5.74569559753092,-13.9983725390157,0
6.34493722567128,310.761979344588,3.87764960881517e-09,0,-5.74569557643011,-13.9983725102115,-5.9211894646675e-16
6.35491261813056,310.761979347308,3.61624283110965e-08,0,-5.74569567610319,-13.9983726528108,0
6.36489155404636,310.761979346047,1.08320155807936e-08,0,-5.74569560153492,-13.9983725356592,0
6.37487684773298,310.761979348428,2.42005171458004e-09,0,-5.74569559227243,-13.9983724933399,0
6.38488584711293,310.761979345331,1.73237116503818e-08,0,-5.7456956207044,-13.9983725776386,0
6.39486366990247,310.761979344362,4.92123793568074e-09,0,-5.7456955813457,-13.9983725211317,0
6.40486208529769,310.761979347669,6.49651686520277e-08,0,-5.74569576581907,-13.9983728037363,5.9211894646675e-16
6.41483882488748,310.761979346117,1.73273804193741e-08,0,-5.74569562412306,-13.9983725735348,-2.96059473233375e-16
6.42480565306702,310.761979348779,2.78640754913795e-09,0,-5.7456955971286,-13.9983724976312,-5.9211894646675e-16
6.43480019382027,310.761979345535,3.28760828930778e-08,0,-5.74569566348576,-13.9983726492141,0
6.44481341725534,310.761979344119,8.36115532365511e-09,0,-5.74569559095588,-13.9983725404247,0
6.45480448829116,310.761979346948,-4.83206955929442e-10,0,-5.74569557688669,-13.9983724844661,0
6.46477978587348,310.761979346089,3.1258243401074e-08,0,-5.74569566510998,-13.9983726443504,-5.9211894646675e-16
6.47476842983042,310.761979348862,4.5336037146626e-09,0,-5.74569560278303,-13.9983725064166,0
6.48474962783166,310.761979345845,6.00864513700117e-08,0,-5.74569574295757,-13.9983727828711,0
6.49466599777788,310.761979343773,1.55732588306516e-08,0,-5.74569560916485,-13.9983725756025,0
6.50464568877208,310.761979346818,2.8678452205592e-10,0,-5.74569557991868,-13.9983724911876,0
6.51465668466828,310.761979346268,5.73779743717751e-08,0,-5.74569574301146,-13.9983727766878,2.96059473233375e-16
6.52466993588437,310.761979348807,8.60592308526975e-09,0,-5.74569561277107,-13.9983725241227,-5.9211894646675e-16
6.53466260017522,310.761979345634,1.94272331555112e-09,0,-5.74569557567015,-13.9983724966375,0
6.54464965516886,310.761979343918,2.873643249283e-08,0,-5.74569564696688,-13.9983726391842,5.9211894646675e-16
6.55462254029665,310.761979346879,2.82475790906271e-09,0,-5.74569558459962,-13.998372498756,-5.9211894646675e-16
6.56458606736703,310.761979345737,1.48029736616688e-09,0,-5.74569557362391,-13.9983724914693,1.48029736616688e-16
6.57456252260724,310.761979348411,1.50778115918608e-08,0,-5.74569562866566,-13.9983725559469,0
6.58458181809533,310.761979345795,5.8291860227655e-10,0,-5.74569557885222,-13.998372500062,0
6.59460434525805,310.761979344062,5.44289946446952e-08,0,-5.74569571669869,-13.9983727580681,5.9211894646675e-16
6.6045965869317,310.761979346942,6.14969053458481e-09,0,-5.74569559368838,-13.9983725138414,-5.9211894646675e-16
6.61458233881315,310.761979345748,-2.41963486284173e-11,0,-5.74569557602921,-13.9983724951741,-1.48029736616688e-16
6.62453979109203,310.761979348512,2.68621912861515e-08,0,-5.74569566237204,-13.9983726128831,0
6.63450373930475,310.761979345882,3.86359744197762e-09,0,-5.74569558304362,-13.9983725064666,0
6.64451412214836,310.761979343686,1.76760295289569e-09,0,-5.7456955676441,-13.9983725050901,0
6.65452020367142,310.761979347005,9.58868895395426e-09,0,-5.7456956102237,-13.9983725415392,5.9211894646675e-16
6.66450380021458,310.761979345732,3.01836659370262e-09,0,-5.74569557917038,-13.9983725008308,-5.9211894646675e-16
6.67450675701532,310.761979348655,4.80833932670066e-08,0,-5.74569572480401,-13.9983727188763,0
6.68450201855173,310.761979345898,7.11441809168415e-09,0,-5.74569559075281,-13.9983725196153,0
6.69446343678737,310.761979343864,3.59653995474218e-09,0,-5.74569557020794,-13.9983725075844,-5.9211894646675e-16
6.70443163629787,310.761979347022,2.26704438925177e-08,0,-5.7456956399538,-13.9983725930169,1.1842378929335e-15
6.71444993341746,310.761979345582,4.54693349638546e-09,0,-5.74569558577623,-13.9983725137068,-2.96059473233375e-16
6.72442943371042,310.761979348142,1.47724676935468e-09,0,-5.74569559095074,-13.9983724940868,-5.9211894646675e-16
6.73443091537633,310.761979346006,1.08831272882526e-08,0,-5.74569560554738,-13.9983725437678,-5.9211894646675e-16
6.74440216084641,310.761979343897,3.57541315073225e-09,0,-5.74569557371568,-13.9983725131191,-5.9211894646675e-16
6.75438501910251,310.761979347183,4.14476062360336e-08,0,-5.74569569553928,-13.9983726874038,0
6.76431953230484,310.761979345489,9.80947352976121e-09,0,-5.74569559775879,-13.9983725353746,-1.48029736616688e-16
6.77431795299431,310.761979347729,2.53927131173744e-09,0,-5.74569559058582,-13.9983724981299,-2.96059473233375e-16
6.78430621642536,310.761979346286,1.99428740188523e-08,0,-5.74569563330437,-13.9983725884198,5.9211894646675e-16
6.7942874865374,310.761979343964,7.20504544915457e-09,0,-5.74569558059739,-13.9983725243258,5.9211894646675e-16
6.80428753135222,310.761979346728,-3.08896611992774e-10,0,-5.74569557790102,-13.998372488585,0
6.81423158624403,310.761979345532,1.70179295840474e-08,0,-5.74569562257385,-13.9983725774495,4.44089209850063e-16
6.82418480577427,310.76197934735,3.69010422218707e-09,0,-5.74569559166438,-13.9983725042129,2.96059473233375e-16
6.83414091189236,310.761979346755,3.70867117756764e-08,0,-5.74569568454112,-13.9983726714974,5.9211894646675e-16
6.84419411851116,310.761979344045,1.05217073572324e-08,0,-5.74569559363283,-13.9983725457506,0
6.8541945807245,310.761979346683,8.62390455343605e-10,0,-5.74569557963776,-13.9983724921841,0
6.8641494363096,310.761979345634,3.44291350984349e-08,0,-5.7456956702159,-13.9983726585417,5.9211894646675e-16
6.87413378378817,310.761979347259,6.31793758050965e-09,0,-5.74569559727246,-13.9983725148784,2.96059473233375e-16
6.88409934888194,310.76197934715,6.92991856491668e-08,0,-5.74569577712448,-13.9983728268939,5.9211894646675e-16
6.89407935987587,310.76197934421,1.78590463898824e-08,0,-5.74569561734417,-13.9983725846877,-5.9211894646675e-16
6.90405099077005,310.761979346324,1.83528451695262e-09,0,-5.7456955817837,-13.9983724999522,5.9211894646675e-16
6.91405392780053,310.76197934617,6.44055475618188e-08,0,-5.7456957619606,-13.9983728118882,-5.9211894646675e-16
6.92404900844563,310.761979347081,9.89390021762422e-09,0,-5.74569560762493,-13.9983725346036,0
6.93403819501011,310.761979346735,1.65829305842635e-09,0,-5.74569558189522,-13.9983724947297,0
6.94402901238514,310.761979344416,3.37265172826543e-08,0,-5.7456956614329,-13.9983726584916,0
6.95397976882542,310.761979346377,5.1627845702266e-09,0,-5.74569558735751,-13.9983725091438,-5.9211894646675e-16
6.96393424422597,310.761979345993,-2.46745557319628e-09,0,-5.7456955686724,-13.9983724804218,0
6.97395636145339,310.761979347063,2.85325540971826e-09,0,-5.7456955862233,-13.9983724981888,-2.96059473233375e-16
6.98392773092975,310.76197934707,1.55503604067538e-08,0,-5.74569562311986,-13.9983725619461,-5.9211894646675e-16
6.99393261754651,310.761979344393,4.95789246694282e-09,0,-5.74569557859275,-13.9983725158671,0
7.0039429155574,310.761979346764,5.66415678804333e-08,0,-5.74569574259374,-13.9983727728926,0
7.01388662382033,310.761979346237,1.0543878066945e-08,0,-5.74569560919869,-13.9983725474093,0
7.02386968305665,310.761979346993,3.86923678282377e-09,0,-5.74569558808779,-13.9983725021334,2.96059473233375e-16
7.03382770196538,310.761979347394,2.73225187659894e-08,0,-5.7456956615839,-13.9983726245118,5.9211894646675e-16
7.04385575940914,310.761979344428,7.5002901667176e-09,0,-5.74569558811032,-13.9983725317986,0
7.05385782138966,310.761979346054,2.21454380759193e-09,0,-5.74569557769965,-13.9983724959229,0
7.06382412903541,310.761979346484,2.46558483259681e-08,0,-5.74569564673957,-13.9983726095091,0
7.07382608295201,310.761979346988,5.89739101997111e-09,0,-5.74569559227942,-13.9983725093013,1.48029736616688e-16
7.08379187504045,310.76197934769,5.19261125949318e-08,0,-5.74569573092717,-13.9983727409156,0
7.09377141593505,310.76197934454,1.35708736100545e-08,0,-5.74569560595464,-13.998372561276,0
7.10373792709332,310.761979345988,3.10967607219936e-09,0,-5.74569557981222,-13.9983725003239,0
7.11372698015254,310.761979346966,4.82389334403403e-08,0,-5.74569571626959,-13.9983727240509,0
7.12371336302729,310.761979346756,7.28960003471002e-09,0,-5.74569559942235,-13.9983725239595,2.96059473233375e-16
7.13365269637065,310.761979347563,1.6260912616417e-09,0,-5.7456955857453,-13.9983724919328,0
7.1436427639125,310.761979344837,2.48170124450553e-08,0,-5.74569563952229,-13.998372615776,0
7.15357719078684,310.761979345831,4.78651903298063e-09,0,-5.74569558342485,-13.9983725083063,0
7.16354290827468,310.76197934706,-2.11110299611998e-09,0,-5.74569557283554,-13.9983724761655,2.96059473233375e-16
7.1735450724374,310.761979346337,1.08511812868528e-08,0,-5.74569561238498,-13.9983725507104,-7.40148683083438e-16
7.18351548647774,310.761979347923,2.05859388794731e-09,0,-5.74569558997678,-13.9983724950743,-5.9211894646675e-16
7.19355250772063,310.761979345092,4.47352969482987e-08,0,-5.74569570099301,-13.9983727188571,-5.9211894646675e-16
7.20352309825313,310.761979345686,6.75851197229349e-09,0,-5.74569559037523,-13.9983725218861,0
7.21347563099988,310.761979347104,-7.07094235015878e-10,0,-5.74569557596444,-13.9983724811963,2.96059473233375e-16
7.22345809007313,310.761979341025,1.68775500242191e-07,0,-5.74569544970089,-13.9983723498481,0
7.2334217115034,310.761979337946,2.52466255309021e-09,0,-5.74569559215571,-13.9983726107859,0
7.24346259352017,310.761979338475,-3.8389155558131e-08,0,-5.74569555383686,-13.9983725362872,5.9211894646675e-16
7.25346576497793,310.76197934306,1.08120332242834e-07,0,-5.74569579505763,-13.9983729076872,0
7.2634443431329,310.76197934647,7.15400953292071e-09,0,-5.74569563241132,-13.9983725853674,-2.96059473233375e-16
7.27343464866978,310.761979346732,-1.36936743426001e-09,0,-5.74569559089798,-13.9983725091021,4.44089209850063e-16
7.2833923682739,310.761979349432,4.14017146492066e-08,0,-5.74569570629556,-13.9983726786414,0
7.29338469962583,310.76197934603,6.51990224772211e-09,0,-5.74569560481244,-13.9983725419045,0
7.30334797782775,310.761979345755,2.19478124563466e-09,0,-5.74569557923589,-13.9983725017146,0
7.31337394396168,310.761979348138,3.53312543666107e-08,0,-5.74569568692226,-13.9983726618371,-5.9211894646675e-16
7.32334020762854,310.761979346584,3.79245079784596e-09,0,-5.74569559184472,-13.9983725126607,2.96059473233375e-16
7.3333337381228,310.76197934924,7.32659562648526e-08,0,-5.74569579826769,-13.9983728395739,0
7.34334860300687,310.761979345316,1.90666185062582e-08,0,-5.74569562405014,-13.9983725836396,0
7.3532870551147,310.761979344845,3.48880272819467e-09,0,-5.74569557709398,-13.998372508411,0
7.36327674241752,310.761979347779,6.93479667764526e-08,0,-5.74569578010145,-13.9983728272529,-5.9211894646675e-16
7.37327550758701,310.761979346055,8.8194174926078e-09,0,-5.74569560084954,-13.9983725342363,2.96059473233375e-16
7.38323175156262,310.761979348484,2.15680984183564e-09,0,-5.74569559247745,-13.9983724930223,5.9211894646675e-16
7.39325793160498,310.761979345495,3.4555514597893e-08,0,-5.74569567048834,-13.9983726616799,1.1842378929335e-15
7.40324706040478,310.761979344585,4.9598725126998e-09,0,-5.74569558193352,-13.9983725196541,0
7.41324834866183,310.761979347015,-2.33616977614777e-10,0,-5.74569557629211,-13.9983724827402,-5.9211894646675e-16
7.4232047202841,310.76197934609,1.65447791763048e-08,0,-5.74569562268983,-13.9983725713574,-2.96059473233375e-16
7.43314577825097,310.761979348754,2.80425638266024e-09,0,-5.74569559672838,-13.9983724972336,5.9211894646675e-16
7.44317063381178,310.76197934583,6.4715280245764e-08,0,-5.74569575622387,-13.998372805956,-5.9211894646675e-16
7.4531472440319,310.761979344225,7.83649056756985e-09,0,-5.74569559061151,-13.9983725385961,5.9211894646675e-16
7.46313429649779,310.761979346955,-4.3077837593349e-11,0,-5.7456955796918,-13.9983724892683,0
7.47310321411692,310.761979346168,3.12243931451424e-08,0,-5.74569566279141,-13.9983726395412,2.96059473233375e-16
7.48306783177208,310.761979349002,6.11932667500999e-09,0,-5.74569560328862,-13.9983725058518,5.9211894646675e-16
7.49306881767289,310.761979345495,1.17902487772881e-09,0,-5.74569557520205,-13.9983724973459,0
7.50305580397136,310.761979343694,1.54954401902311e-08,0,-5.74569560759522,-13.9983725739727,0
7.51307753444544,310.761979346921,1.41330739703941e-09,0,-5.74569558536595,-13.9983724994981,-1.1842378929335e-15
7.52304963843113,310.761979346428,5.62150432870112e-08,0,-5.7456957387366,-13.9983727675376,-4.44089209850063e-16
7.53304339917589,310.76197934895,8.53706675722303e-09,0,-5.7456956123759,-13.9983725218623,0
7.54303067505694,310.761979345455,1.39047987938549e-09,0,-5.745695577373,-13.9983725014704,0
7.55294557265715,310.761979343918,2.82796956222834e-08,0,-5.7456956443466,-13.9983726347016,5.9211894646675e-16
7.56291860261641,310.761979346942,5.5926060819426e-09,0,-5.74569559497034,-13.9983725159622,5.9211894646675e-16
7.57291190015504,310.761979345734,1.33231499906591e-10,0,-5.74569557386254,-13.9983724917835,-2.96059473233375e-16
7.58292113371824,310.761979348568,1.42563294502907e-08,0,-5.7456956281424,-13.9983725532455,-2.96059473233375e-16
7.59294244101491,310.761979345652,4.22579068034186e-09,0,-5.7456955828905,-13.9983725088377,0
7.6029270441324,310.761979344119,5.24151270534882e-08,0,-5.74569571194533,-13.9983727491853,0
7.61291081463651,310.761979346988,1.28700321511133e-08,0,-5.74569561230672,-13.9983725456116,0
7.62286094505151,310.761979345662,-3.30724484835324e-10,0,-5.74569557477584,-13.998372493993,-5.9211894646675e-16
7.63284598201513,310.761979348376,2.62748850824816e-08,0,-5.74569565942398,-13.9983726093584,2.96059473233375e-16
7.64286658428874,310.761979345852,5.90348984511972e-09,0,-5.74569559202505,-13.9983725221749,0
7.65285682092084,310.761979343762,1.35239967373006e-09,0,-5.74569556793265,-13.9983725046871,5.9211894646675e-16
7.66286303489056,310.761979347087,2.30831555351566e-08,0,-5.74569564495943,-13.9983726008697,5.9211894646675e-16
7.67284993527136,310.761979345688,2.36262091372434e-09,0,-5.74569557894298,-13.9983725008904,-4.44089209850063e-16
7.68282100935305,310.761979348525,4.63124555002044e-08,0,-5.7456957196881,-13.9983727114924,0
7.69279255613521,310.761979345991,1.19722495621014e-08,0,-5.74569560783185,-13.9983725478979,0
7.70278911659766,310.761979343804,2.51822029895266e-09,0,-5.74569556980029,-13.99837250747,0
7.71281906364615,310.761979347259,4.36303272029666e-08,0,-5.74569570485949,-13.9983727024795,0
7.72279138935989,310.761979345639,4.91859471670371e-09,0,-5.74569558529322,-13.9983725122889,1.48029736616688e-16
7.73279220624345,310.761979348208,2.55437271334813e-09,0,-5.74569559132745,-13.9983724941001,-2.96059473233375e-16
7.74281046392783,310.761979346015,2.25528348588947e-08,0,-5.74569563620111,-13.9983725966237,0
7.75274249146102,310.761979343934,4.47615396600061e-09,0,-5.74569557379638,-13.9983725129303,0
7.76272383851189,310.761979346818,7.21949315144836e-10,0,-5.74569557773907,-13.9983724874329,-5.9211894646675e-16
7.77272985640362,310.761979345572,1.0681318940442e-08,0,-5.7456955979884,-13.9983725349193,1.48029736616688e-16
7.78272445827558,310.761979348008,2.24487924545732e-09,0,-5.74569559194971,-13.998372497309,-2.96059473233375e-16
7.79275404104554,310.761979346228,4.01661992555091e-08,0,-5.74569568990113,-13.9983726868023,0
7.80272649494205,310.7619793439,5.49643649113326e-09,0,-5.7456955800573,-13.998372523977,5.9211894646675e-16
7.81273123292022,310.761979346839,7.34625397550796e-10,0,-5.74569557918427,-13.9983724897128,-5.9211894646675e-16
7.82266232907552,310.761979345507,1.69739043561397e-08,0,-5.74569562193432,-13.99837257664,-1.48029736616688e-16
7.83264457570358,310.761979347697,4.76389535227402e-09,0,-5.74569559350836,-13.9983725035883,0
7.8426496925203,310.761979346768,7.32319449525676e-08,0,-5.74569579051221,-13.9983728542568,0
7.85264557629806,310.761979343932,1.06442522943932e-08,0,-5.74569559225306,-13.9983725447145,0
7.86266013456298,310.761979346749,2.11423412110889e-09,0,-5.74569558257735,-13.9983724966648,0
7.87260159659829,310.761979345706,3.39186006688881e-08,0,-5.74569566898379,-13.9983726555666,0
7.88257670704301,310.761979347606,5.57789311036079e-09,0,-5.74569559873112,-13.9983725134248,0
7.89255741821151,310.76197934643,1.04245145848836e-09,0,-5.74569558031379,-13.9983724954269,0
7.90255019413153,310.761979344013,1.80499644860295e-08,0,-5.74569561497848,-13.9983725829331,0
7.91255120050122,310.761979346635,4.88601396379333e-09,0,-5.74569558846277,-13.9983725082086,1.1842378929335e-15
7.92248695919321,310.76197934585,6.27269164018192e-08,0,-5.74569575536114,-13.9983728029809,0
7.93248283969064,310.761979347179,9.50565966680491e-09,0,-5.74569560705292,-13.9983725325412,0
7.94247359527438,310.761979346582,3.06038809109547e-09,0,-5.74569558390218,-13.9983724999706,0
7.95242683068529,310.761979344336,3.29285398947832e-08,0,-5.74569565803708,-13.9983726535774,5.9211894646675e-16
7.96242732227451,310.76197934652,8.30008654399232e-09,0,-5.74569559936645,-13.9983725283056,-5.9211894646675e-16
7.97240492476112,310.761979345649,-1.03553314071784e-09,0,-5.74569556738468,-13.9983724822338,-5.9211894646675e-16
7.98243290071409,310.76197934721,1.69054032994609e-08,0,-5.74569562750317,-13.9983725673707,0
7.99242159204268,310.761979346718,3.50512626331086e-09,0,-5.74569558978762,-13.9983725084205,0
